1660
00100010001100100000000000001010 10001100101000011111
00100001000101110000000000010100 01000101110100011111
00100010001010000000000000011110 10001010001011111111
00100010111100010000000000101000 10111100011000010000
00100011111010000000000000110010 11111010001000110111
00100010000010000000000000111100 10000010001011111111
00100010111010000000000001000110 10111010001000110111
00100010010010000000000001010000 10010010001000110111
00100010001010000000000001011010 10001010001000110111
00100010010100100000000001100100 10010100101001001000
00100010001100010000000001101110 10001100011011110111
00000010001100100100011111100111 10001100100100010111
00000010111111111000001000100100 10111111111000001000
00000010010010001011110000100101 10010010001011110001
00000011111100001000101100000010 11111100001000111111
00000001000101111111101111100000 01000101111111110001
00000010000100011001000010100100 10000100011001010001
00000010111111111000000001100111 10111111111000010010
00000010010101111000000111100101 10010101111000010111
00000001000111111000100000000000 01000111111000111111
00000010010101110100000001100111 10010101110100011111
11001110111010000100010001000000 11111101111001001000
00000010101111110100011111100100 01000100101000010000
00000010001011000100000011000000 10001100000100010000
00000010010100100001110010000010 10111101111011110111
00000010010010001000110001010100 11111100001000110000
00011011010000100001111100100010 10001101111001010000
00100010000001100111010010001011 10000010001011111111
00100011100101110101111101111001 10000111111001010000
11110010111100100100010010010111 10010111111111110000
00010100000111000111111101010010 10000101111001001000
01011001000100001111101100100100 10001100001111110111
00000001001100011001000101100101 10111101111011110111
00000010111111010100010110100000 01000100101011110001
00000011111100001010100101000000 11111100101011101000
00000010001100001001010011101110 11111100101111110111
01000000100110010010010001010010 10001100010100010010
00100010010000011110011010100000 10010010001011110010
00100011011101111111111001011100 10000100101000110010
11100110010100010101010000001100 10010010001111101000
01110111110110110100001010011111 10010100001111111111
00010011111100001011101110000010 10000100011111110111
00000011000111111111110100000000 10001100011001010000
00000010111101001011110100000010 10111100010100011111
00000011111100101001110010100100 10000010001000110001
00000001000010001000000010101011 10111100100100010010
01001101100000001111011011001001 11111100101000010001
00100011111001001001001001101010 01000010001000111111
00100011001100101100000110000101 11111100100100001000
11110001000101111100011111100001 10000100101001010010
00111100010111000000100010100110 01000111111000010111
01110110001100100100011100100101 11111010001011110001
00000001011101111000010110100111 11111100001000101000
00000010010010011000101100100000 01000101111000010010
00000010010100000101100100000010 10010101111000111111
00000010111010001001011101010100 10001100000100010111
10110001110101100000100111111011 11111100001011110001
00100011111110001000001010101011 11111100101000010010
00100001110100000011100101111010 10111100001000111111
01000010010100100100000111011010 10001100000100010010
11001010011100110000110010001101 01000010001000111111
10011101000111111000001100100100 10001010001111110111
00000000011100001000000110100111 10001111111000010000
00000010001000001000001010000000 10001100101111110001
00000011111111111001100001100101 11111100011000010010
00000010111100011011100110011011 10000010001011110010
00101011100101101110000000111001 01000100100100011111
00100011111000000000010110000010 10010111111111110000
00100000011100010001111001110110 10000100100100010010
01001111111100011011011100100010 10111100011001010001
00010111001110101001010000111011 10001100101000010001
10101101000101111000011011000010 10001100011001010001
00000001001100001011101100100000 10111101110100010010
00000001000101000100011100100111 10000100001000010010
00000010001010001100011010100101 10000010001011111111
00000010010100001011100111111101 10111100001000010010
10001011101001011011000010001001 10001111110100010000
00100001000110001111100100110111 10010101111001010010
00100010100100100100101110100111 10000100101000101000
01110010111101110101100011011000 10000100011000101000
10101010101100111110100001010100 11111100001000010001
11011001000100010100000110000000 10111100001011101000
00000001110100011011100111100100 11111111111000011111
00000010010110101111111000000000 01000100101001011111
00000001000010000011011000000000 10111100100100010001
00000010111010001001001011101111 10001100010100010111
01111000010110111010010011001110 10001111111000010010
00100010111110111011000100011100 10111100011111110001
00100001010111111100001110011000 10000100101011110111
01111111111010000001010000100111 10001111111000110111
01110110100110000111101101110011 01000101111000001000
10100110001100001111100100100101 10000100011000010010
00000010011100001001001110100111 11111111111111101000
00000001000110011011100100000000 01000010001001010111
00000010001111110001100101100101 10111100001000001000
00000001000100001000111011001101 10001101110100010000
10010000010011100101101111000101 01000101111111110001
00100001000101000101110110010101 01000100001001010010
00100010101010001110011110000100 10010101110100011111
10110010010100101100000000110101 01000111111011110001
00010011000110000111010101010111 10000010001001010001
00001110001100101011110101000000 10111111111011110000
00000000110010001011111110100100 10010101111000010010
00000010001000111111111100100111 11111100011001010111
00000011111100011111000000000000 11111010001111111111
00000010111101111011111011111000 10001100011000111111
01010000111110111010111011001100 10000100101011110010
00100010001011101000011010101101 10111101111001011111
00100011100010001011110111001101 10001010001111110001
10111001000100100011010100100011 10000100001111110111
00011010011011100101000111010100 10001100001001010000
10001011111101111011100101100111 11111100101111110001
00000001100100010100001001100100 10010111110100010111
00000010111010101011101110100100 10000100011001010010
00000010010100100000111010000000 10010100000100001000
00000001000101111000011010001100 10000100011111110111
11111001111111010101010001000001 10001101111001001000
00100010010111011100101100011011 11111100101011101000
00100000000100010001000100011111 10010100011001010010
01110110001111111000011000100111 10111111111000110010
11100111100001000010010010001110 10111100011001010010
00000010001100011000111111100100 10001100011000111111
10111100110100101000000001100100 10111010001000010010
00000010001100101000011000000010 10001100101000011111
01100110010011111100111001100100 01000101111111111111
00000010001100001000001000100101 10001100001000010010
10001111110100100111110110111100 11111111111000110010
00000010000010001011100110100000 10000010001011111111
00000010001010001000000101000000 10001010001000001000
00000010111100101000111010100000 10111100101000110000
00001010010101110111010010000101 10010010001000110000
00000011111100010100000000100100 11111100010100001000
00100010010100011100010000001010 10010100010100011111
00000010000010001000011001000010 10000010001000010001
00100010010101110110011110110000 10010101111000010000
00100010010010001110000110110011 10010010001000111111
00000010000100001001010111000010 10000100001001010111
10111111111100011111011010110111 10010101111001010001
00100010010100000100011110010011 10010100001001010010
00100001000100011011010000100101 01000100011011110010
00000010010111111001001000000000 10010111111001010010
00100110110100101000111010010101 10010100001111110001
00100010010100101011001110011010 10010100101000010000
01011100100011111111011010101111 10010111111011110010
00100010001100100011010110101000 10001100101000010010
00000010001101111001001111100101 10001101111001010111
00000001000101111011100000000010 01000101111011110010
10000010000010100101010111110100 01000100001011110010
00100010000010000101111111100100 10000010001001011111
00000010111100010100010100000010 10111100010100011111
00001010111111000000010001111100 11111010001111110010
00000001000111110100011010100111 01000111110100010010
00100010000100001001010010101000 10000100001011101000
00100010010100100110011110101101 10010100101000110001
10100111001010011111111001000000 11111100011001010010
00100010010100100010101110011011 10010100101001011111
10010110100011101010110100001010 10010101111011101000
00000010001100101000000111100100 10001100101000010001
00100010010111111101101101111010 10010111111011110001
00100010001100001110001101000011 10001100001111101000
00100010111100100000101001111110 10111100101111111111
00000001000111111011100111100101 01000111111011110001
11111001001100011110000001011100 10001111111011110010
00100010111100010011001001000101 10111100011111110001
00000010000111111001011101100111 10000111111001010000
00000001000111111011100100100101 01000111111011110010
00000011111010001000101010000010 11111010001000110000
11100101001110100101001001010100 01000010000100010111
00100010001100101101111011000101 10001100101111110010
00000001000111111111110000100111 01000111111111110111
00000010000100101000000110000010 10000100101000001000
00100010111010000100110000110011 10111010000100010000
10010000101111011110000001110100 10001111111000110010
00000011111010001001010100100100 11111010001001010001
11000100110001010011110100110111 10001100001011111111
00000010010010001000010110000000 10010010001000010000
00100011111010001010101100011110 11111010001001011111
00000010000100001000101100000000 10000100001000111111
00000010111111111000110101100101 10111111111000110000
11101000100100000111010111100000 11111010001000111111
00100010001111111001111010001100 10001111111000001000
00000010001010001000111111000010 10001010001000101000
00100010010100100101100101100010 10010100100100010000
00100001000100000110101001010011 01000100001000110001
00100001000111110100111110001110 01000111111000101000
00000010001101110100000100100111 10001101110100010000
00000010111101111000110111100111 10111101111000110001
00100010010101111001110010100011 10010101110100010111
00000110100101111000001101100000 10001010001011101000
00100010010101111010001010110000 10010101111001010000
01101010000101101000111010000000 10001010001000110111
00100011111101111111100110001110 11111101111011110001
00000001000111110100000000100111 01000111110100011111
00100010000111111011000100011100 10000111111011110010
00100010010100001011110110101111 10010100000100001000
00000011111100101111110101100100 11111100101111110010
00000010010100010100000000100111 10010100010100010001
00000010010100001011110101100111 10010100001011110111
00100010010101110111000110111011 10010101111111111111
00000010000100101000011111100101 10000100101000001000
10000010010101110110100101001010 10000111111111101000
00100010010100001110101010001011 10010100001001011111
01011111000000011010001010100000 11111111110100010111
00100010000100101110001001001110 10000100101111110010
00000010111100011000100010100111 10111100011000110001
01000110110010110011100101111101 01000100100100010111
00000010001100100100010000000010 10001100100100010000
10010101100111111000110011001011 10001100001111110001
00000001000100101011101110100101 01000100101011111111
00100010000101111110010000011010 10000101111001010001
10100001000010001001001100011000 11111010001011110000
00000001000101110100001100100101 01000101110100010000
00000010001100101111111101100101 10001100101111110111
00000010001100011111111010100100 10001100011111110001
00100010010111110100000110111010 10010111111000010001
00000010111100101000010000000000 10111100101000011111
11010011110011111010101110000100 10001101111000010000
00100010001101110100001111010100 10001101111000111111
00011110001111110010011011101110 10001100011000010000
00100010010101110110011011010101 10010101111000110010
00000011111100000100011111100101 11111100000100001000
00000010000100101011111101100000 10000100101011101000
11000111111101101110110010111100 10111111111111111111
00100010111100011100010010110000 10111100011000110000
00011010101101111001001011100111 11111100011011111111
00100010001100010100110011111000 10001100011001010010
00000011111101111111101000100100 11111101111111110010
01111101111011010001010011110111 10001101111011110111
00100011111100100010001011101111 11111100101000010000
00111111111011000011001011010110 01000100001111110111
00000010010101110100001100100111 10010101110100011111
00100011111010001000011100011100 11111010001111110001
01001001000010010111001111011011 10010100001111111111
00100010001100011101101111111101 10001100011000110000
00000001000111111001011000000000 01000111111001010111
00000011111111111001000000000010 11111111111001010010
00100010111100011011001011111110 10111100011111110010
10110110010001101101110001000000 10000101111011110010
00000010000100011011111010100100 10000100011011110000
00100001000100011011010101101011 01000100011011111111
00100010111010000101100110000001 10111010001001001000
00100010000100010001000101001110 10000100010100010010
00100001000101110011100001010100 01000101111011111111
00000010010010000100011101000010 10010010000100001000
00100011111101111100111101001001 11111101111011110001
00000010000111110100001011000000 10000111110100010010
00100010001100101011101011110110 10001100101000010000
00100010000100101101101010100010 10000100101011101000
00000011111100011000010011100000 11111100011000010111
00100011111101111111110111011001 11111101111000110000
00000001000100001000001000000000 01000100001000010000
00100001000100000100001100110000 01000100001000110001
10111001000001110110011000000000 10111101111000001000
00100010000100001101010111100110 10000100001000010111
01100011111001110110111100110000 10001101111000011111
00000010111100001011111011100101 10111100001011110111
00000010010010001011110000000000 10010010001011110000
00000011111100001000001100100111 11111100001000010000
00000010111111110100011000000010 10111111110100010111
00000010010100101001011100100100 10010100101001010000
01101110110100010000010010101010 10010100001001010001
00000011111100101000010110100111 11111100101000010001
00100001000101110000100011010111 01000101111011110001
00000010000111111111100101100100 10000111111111110010
10111110000100111000100100110101 10001100001111101000
00100010000101110011101100100000 10000101111011110111
01100110011000101010000111011000 11111100001111101000
00100010000100011110101001101000 10000100011111110111
00100010111100011101110101011110 10111100010100010010
00100010111100000001011111101110 10111100001111101000
01111010000110101010010110111011 10001101111111110010
00000010000101111000100010000010 10000101111000110001
00100011111100011001010001100000 11111100010100010111
00100010111111110001001110101110 10111111110100010111
00000001000100011111110011100111 01000100011111110010
00000010010010001011110110000000 10010010001011111111
00100010010100100000010110111001 10010100101000110001
11010001000000001111111001101100 10001100011000010010
00100010010100001111001010011100 10010100000100010111
00000010010100011000011000100101 10010100011000010000
01010110010100001100011101000101 10000111110100010000
00000011111100000100001000100101 11111100000100011111
00000010111101111111110111000000 10111101111111110111
00000101110100001000101001100111 10111010001000110001
00000010010111111001001110100000 10010111111001001000
00000010001111111001010001000000 10001111111001001000
00100001000100000010110110101010 01000100001001010010
00100010001100001110001000110111 10001100000100001000
00000001000100011000010111100100 01000100011000010111
00000001000010001001011001100100 01000010001001001000
00100010000010001010100111100110 10000010001000111111
00000010010100000100001110000000 10010100000100010001
00100010000100011011011110011001 10000100011001010001
00001110000100011000001101111111 10111111111011101000
00100010001100101100001111111111 10001100101000010000
10101100101010001001011011100100 10001100011001001000
00100010010111111100100001000100 10010111111000011111
00000010000100011000010101100101 10000100011000010001
00100001000010000011010010101011 01000010001011111111
00100010010101111000001010110001 10010101110100010000
01011011110100010100101000001100 10010100000100010111
00000010111100101001011101000010 10111100101001001000
00100001000100010010111011101001 01000100011000010000
11001110111010011010001100101010 10001010001000110010
00000010001100010100000101000010 10001100010100010000
00000010111100101000110110100101 10111100101000110001
00000010111101111001010010000000 10111101111001011111
00000010001100011001011010000010 10001100011001001000
00100010111010001000100101101001 10111010001111101000
00100010010010001101110010101000 10010010000100001000
01111011111111110100000110100111 10010010001000111111
00100010010100011101110010111010 10010100011011110111
00000010111101111111100100100100 10111101111111110111
11110110000010110010111110011110 10111100001000111111
00100011111100000110110110011111 11111100001001010010
00100001000100101110000001010000 01000100101111110001
00000010000010001000101110100000 10000010001000101000
00000001000100101001001010100000 01000100101001001000
00000011111100001000000000100100 11111100001000010000
01100010111000101000100001101101 01000100101000010010
00100010000100100111010000011010 10000100101001001000
00100010000101110011100011001101 10000101110100010001
00100010001111111111001101001001 10001111111011110010
10010010001100101000001100011000 10000111111000010010
00000011111100011011110001100111 11111100011011111111
10110010010100001100110100100011 10111010001000110000
00000010010101111111101010100000 10010101111111110000
00000010111100101000000100000010 10111100101000010010
00000010001111111001000110100000 10001111111001011111
00100010000100100111001010111101 10000100101111110001
00100001000100010111011000010101 01000100011111110111
01000110010000100010011010001001 10111100101000010001
00000010010100010100010000100000 10010100010100010010
00000010010101111111100000100101 10010101111111101000
10100100110010001001000101000111 01000101111000110001
00000011111100100100001100100100 11111100100100010000
00100010111111111010110001010100 10111111111001011111
00111101101100001001010100100000 10111100001011110111
00100011111100011101001001001001 11111100011001001000
00000001000010001111111000100111 01000010001111110001
00000010111100011111111010100111 10111100011111110010
00100010111101111101001011100101 10111101111000110000
00000010010100000100001011100100 10010100000100010010
10011100011110010010101001001010 01000100011001010010
00100001000100101000111100011000 01000100101000010111
00000001000010001111111011000010 01000010001111101000
00100010001010000101101110011011 10001010001000110000
00000010111100100100011110100101 10111100100100010010
00100010000101111000001011001101 10000101111000110111
00100010000100000100010100001001 10000100000100010010
00000010010100011000100101100100 10010100011000110111
00100010010101110001110100011010 10010101111011110010
00000010000111110100011111100100 10000111110100011111
00000010111101111001011111100111 10111101111001011111
00100010111111111111000000101010 10111111111001010000
00100010000100011010111001000001 10000100011001010001
00100001000010000101001000001011 01000010001000110010
10111001000111011011010010110011 01000100000100010111
00100001000100010101110111011001 01000100011000110001
11000101100001110010100000101001 01000111111000110000
00100011111100001111001111111111 11111100001000010001
00000010001111111001000010100000 10001111111001010000
00100010111010001000100001011010 10111010000100011111
11000110001000111101010110100111 10000100000100010111
00100001000100010011010101101101 01000100011000010010
00100001000100100011100110101000 01000100101000010001
00000010001010000100011111100101 10001010000100011111
00100010000100100110000110011000 10000100101000010010
00000010111111110100001111000000 10111111110100011111
11100011100111101100001100110111 11111010001001010111
00100010111111110110100010001111 10111111110100010111
01010010010000001000100001100000 10001111111011110000
00100010111100001101000111101110 10111100001000010111
00100010001111110101100000010111 10001111111000001000
00000010010100101011110110000000 10010100101011101000
01111111101101000101101100001000 10001101111000101000
00000010111100001011111110100111 10111100001011110010
00000010000100011001011101100111 10000100011001010001
00000011111100001000000011100111 11111100001000010111
00000010111100011011111011100000 10111100011011101000
00100010001100101011000111010000 10001100101111101000
00000011111101111011100101100101 11111101111011110010
00011000101011101101110110000010 01000100001000001000
00000010111111111000011100000000 10111111111000010010
10000001010100100101000101110100 10111101111000011111
00000010000010001111111100100000 10000010001111101000
00100010000111110000011001111000 10000111111011110111
10110010111010000000011111100101 10001111111001001000
00100011111101110011001111100110 11111101111001010111
00100010010111111111100011011110 10010111111000110000
00100010001010001011001001011110 10001010001011111111
11100010010011100100110101101010 01000100011000010001
00000010000010001111101110100111 10000010001111111111
11000110001111110001001110110111 10000010000100010001
00000011111100101111101101000010 11111100101111101000
10010100000011001110010101110001 11111100010100010001
00000010000111111011100100100100 10000111111011110111
00100001000101111010010011000110 01000101111000010010
01001111111101111110010100000001 11111100010100010111
00100010111100101111111000110011 10111100100100011111
00100010000100101010111010101111 10000100101000010010
00100010000100001101011100101101 10000100001011110001
00100010010100000111000111101101 10010100001001001000
00101110011101111011111000100000 10010100101000010001
00100010000100101111011000101111 10000100101011110000
00000001000100001000100101000000 01000100001000110000
10111010001111000111111101100101 01000010001111110000
00000010001100101000000001000000 10001100101000011111
00000001000111111000001100100100 01000111111000010010
00000010111100101011111110000010 10111100101011110111
00001100110100011100101000000110 01000010001011110001
00100010111101110000001111001000 10111101111001010001
00111001110100011111110111001111 10000010001011101000
00100010010100001100111101100100 10010100001000011111
01111000011100000001011101001110 10111101111111110010
00000010000010001001011111000010 10000010001001010111
10011000101000001100111000001001 10111101110100010010
00000010010111111111101110100000 10010111111111101000
00001010111100010001101000111000 10111100101000110111
00000011111100011000000011100000 11111100011000010000
00000010010111111000011100100101 10010111111000010000
00000010001111111000001000100111 10001111111000010111
00000010111100011111110000100100 10111100011111110010
00100001000010001100001001100001 01000010001000010001
01111001000110011111111000010010 10000100101011110111
00000001000100000100000000100000 01000100000100010000
00000010001101111001011110000010 10001101111001010010
00100001000010000000111001100110 01000010000100010010
11011000100110000100100100011110 11111111111001010111
00100001000111111000100100101111 01000111111011111111
00100010010101111001001111010010 10010101111000010111
00000001000111111000010111000010 01000111111000010010
00100010010111110011111100101010 10010111111000111111
00100010111100011100011100100111 10111100011000010010
00000011111100001000111000000010 11111100001000110000
00100010000010001100000001110100 10000010001001010010
00000010001100101000010001100000 10001100101000010000
00100010010010000011010000100010 10010010001111110001
00100010001100101001010111000011 10001100101000001000
00000010000100011111111101100111 10000100011111110000
00100010000101110010111111000000 10000101111000010001
11000010000001000110100101001000 10111100011000010000
00100010111101110001000010110111 10111101110100011111
00000010000100101001001111100101 10000100101001001000
00100010001100101100110010011100 10001100101000010010
00000010001111111000100001100000 10001111111000101000
00000011111111110100000111000010 11111111110100001000
00000010000100001111110100000000 10000100001111110000
00000010010100011001011100100101 10010100011001010111
00100010001100010100100000110011 10001100011111110000
00000010010101111000100110100000 10010101111000110010
00000010010100101011110001100101 10010100101011101000
00100011111111110110000011011101 11111111111001011111
00100010111101110010011011101111 10111101111000010000
00100001000101111010011000001100 01000101111111110010
00000010001100101111100010100101 10001100101111111111
00100010001100100110011001010001 10001100101000110000
11111011111011111010001001010010 10000100101000001000
00000010010100001000010111000000 10010100001000001000
00000010001101111011100011000010 10001101111011110000
00100011111111110000110011110111 11111111111000010000
00100010001100010110100001001010 10001100011001001000
10101011100100100101011111000011 10010010001000010010
00100010000100101111111111110100 10000100101000101000
00100010000100101010110100111111 10000100101011111111
00000001000010000100010011100100 01000010000100001000
00100011111100000011010011011010 11111100001000110010
00001010000010001101011101100000 10001100101000001000
00000001000100001000101001100111 01000100001000110111
10011110001101101111100111100101 10010100001001010010
00000010111100011111101110000000 10111100011111110000
00100010001100011111100001110000 10001100011001010111
00100010000100000011101010100001 10000100000100010111
00100010111100101111111011101001 10111100101000110010
00100010111100011101111110011000 10111100010100010111
00000010111100101111111011100111 10111100101111110111
00100010111100001111011100001000 10111100000100010111
11001001101111110100011010101111 10001100101000010111
00100010000100001101001110110111 10000100001111110111
00100010010100001011101100011011 10010100001111101000
11100110010001001101101001011011 10111100000100010111
00000010001100001011110011000010 10001100001011111111
00100001000100001011111100100100 01000100001111110111
00000001000100011001000101100000 01000100011001011111
00100010111100000001011110111100 10111100000100001000
00100010111010001010100001100101 10111010001111110001
01110101000100110010100001000000 10111100000100010001
00000010010010001000111000100101 10010010001000110000
10011110001100000000001001010000 10111100001000010000
00100001000111110100010100100000 01000111111001001000
00100010000100101110011001101000 10000100101000110111
00100010111100001101001010110000 10111100001000101000
00100011111100100001010111010111 11111100101111110010
00000011111100010100000101100111 11111100010100001000
00100010000101110101010100011110 10000101111011110111
00000010000010000100001100000010 10000010000100010000
00000010001101111000010101000010 10001101111000001000
11100011110111111001010111000001 11111100101001010010
00000010000111111000110111100100 10000111111000111111
00000001000101111000100101000000 01000101111000110001
00100010010111111111010101100101 10010111110100010010
00100010111100011101100011101110 10111100010100010010
00100011111111110011000011001001 11111111111000001000
00000010111010001000010011000010 10111010001000001000
00000010010100011111100000000010 10010100011111110111
00000001000100101000010000100100 01000100101000010000
00010110001011111010101001110111 10001101111001010001
00000010000010001000000011000010 10000010001000001000
10101001000000110001111110010101 10111100011000010111
00000010000101111011101010100111 10000101111011111111
01101111010100001010000110100110 01000101111011110000
00100010010100100010011001101100 10010100101000110111
00101000010100111111011000000000 10000101111001010111
00000010010111111011110111100000 10010111111011110111
00100010000111111001000001111100 10000111110100011111
00100001000100100101001000100011 01000100100100010111
10010100000011101000000000011110 10010010001000101000
00100010010100000111000110110001 10010100000100010000
00000001000101111001000000000010 01000101111001001000
00100010000010001000001011011000 10000010001001010000
01001010000100001111100101100000 10010100001001011111
00000010001010001000100010100111 10001010001000101000
00000010000100101000000100100000 10000100101000010111
00100010010010000110001101001110 10010010001000010010
00000010111101111011101111100100 10111101111011111111
10111101000010001100100111001111 10111100001111110111
00100001000100101101100101100111 01000100101001010001
00010010111011101000111101011100 10000100001000101000
00000001000100101011101110100100 01000100101011111111
01111000000110000101010000000011 10001010000100010000
00000010111111111000111010000010 10111111111000111111
00000011111101111011100100000010 11111101111011111111
00000010001100001001011100100101 10001100001001001000
00100001000010001110100001110000 01000010001011110111
00100010000100000000010000000000 10000100001011110111
00100001000100010111110000000110 01000100011111101000
00000010111010001111101111100101 10111010001111111111
00000010001010001011101101100000 10001010001011110000
00000010000100001011101111100101 10000100001011111111
00000010010010001000101100100111 10010010001000101000
00100001000111110101100100000110 01000111111001010010
00000010001101111000001000000000 10001101111000010001
00100001000101110000100000111001 01000101111001010010
00000011111111111111101000100100 11111111111111110000
00000010000100101000000011000000 10000100101000010111
00100010010101111011100010110000 10010101111111110001
00100001000101110110010100001000 01000101111111111111
10001101000101111111001011110011 10000010001000001000
00100010010111110101110100110110 10010111110100010010
11111101001101110111110010110011 10000111111000010111
00100011111101110111000101010000 11111101111011110001
00000011111111111000001011100111 11111111111000010010
10001001101100011010101101110101 11111101111000010000
00100010000101110011100100101001 10000101110100010111
00000010010010001001011100000000 10010010001001010010
01101100011110110010100010010011 10000100001000010010
00100010010111111011000101011110 10010111111000001000
00000010000010001000110110100111 10000010001000111111
00100001000100100011001011100000 01000100101011110111
01000000100011110010010000110011 11111100000100010000
00100001000100011111011111101111 01000100011001010010
00100010111100011100010101000000 10111100011111110010
00100010111010001010111100011110 10111010000100010000
00000010010100101000111010000010 10010100101000110001
11100110111101110001011011100000 01000100011001011111
00100010001100011110110000100000 10001100011001010000
00000011111100000100001001100101 11111100000100010111
00100010111100001001011100011011 10111100001011110010
00000010010100101111101110000010 10010100101111101000
00100010001100101000101110100001 10001100101111110010
10001000000100000101100101000000 10111100011001010111
00000001000100101000111011100100 01000100101000110010
01101001111100110100010001100111 10001100011000110000
00100010001100000101110110111100 10001100001000010010
00100010001100000110011101001000 10001100001111110111
00100010010101110110111000000110 10010101111111111111
00100011111010001111001001110011 11111010000100001000
00000010001100001001000010100111 10001100001001010111
10010011111001001000110110111010 01000100001111101000
00100010010010001111100001000110 10010010000100011111
00100010001101111000011001110010 10001101111000011111
10001110010100000001011111111001 10000100011011110000
00100010111100100010101011101010 10111100100100011111
00100010111010001011011000111010 10111010001000001000
10000001100010001001111000010011 01000101111011111111
00000010001010001011111000100111 10001010001011111111
00000010001100100100001000100100 10001100100100010010
01010010010011111011001100000001 10001100010100001000
00100001000100100110010100001001 01000100101000110000
00100010001100000010010100011011 10001100000100001000
00000010001101111000001110100111 10001101111000010000
00000010010101111000111110100101 10010101111000111111
00111100010001111110001000001100 10000010001111110000
00000001000100010100000000100000 01000100010100001000
00100010001100000110111101101100 10001100001011110000
11011010001100101111100110100111 10000100011001010001
00100010000010000010111110111010 10000010001011111111
11010101000110111001101111101011 10000111111111101000
00000001000101110100000111100111 01000101110100011111
00000010010100011011110110100000 10010100011011110000
00000010000100011111100001100111 10000100011111110010
00100010000010000011010010100000 10000010001001010111
01010101000101001011110001111010 01000010001000110000
00100001000100000101001111011011 01000100001001010111
00100011111100000010100110111111 11111100001001010000
10000101100110111000111000011011 10001111111001001000
00000011111100001000100001000010 11111100001000111111
00100010111100010110001101011010 10111100010100010010
00100010111101111111111100111100 10111101111000010001
00000010001100101011101010100100 10001100101011110000
00011010000100101010001000000110 11111100011001010111
00100010000010001101000000111001 10000010001111110001
00000010001100101111101111100101 10001100101111111111
11101110111111110110110111110011 10001101111011111111
00100011111100101011111111010011 11111100101000111111
00100011111100000110110010011110 11111100001011111111
00000010010111111000100000000010 10010111111000101000
00100010111111110011011111010001 10111111111001011111
00100010001111111110111010001011 10001111111000010010
00000010010101111011101000100111 10010101111011110010
00000011111100001000010010000010 11111100001000010001
00100010111101110101111010111000 10111101111000010000
00000010001100101000001101100111 10001100101000011111
00011010110101001011101111000000 10000101111111110000
00000010000111111000001111100100 10000111111000011111
00100010010101110001000101010111 10010101111011110001
01100100110000100011000011100101 10111010000100010000
00000010000101111001001011000000 10000101111001010010
11010011100111111111110010100100 01000100011111110001
00000010010100011111110110000000 10010100011111110000
00000010010100101111100000100111 10010100101111110010
00011101000001000001010010100000 10010101111000010010
00000011111111110100000000100101 11111111110100011111
00100010000100000000100111110111 10000100001000001000
00000010010100101000000101100000 10010100101000001000
00100010001100001111000011001001 10001100001000010010
00100011111100011110000011101000 11111100011111111111
00100011111010000100100001011001 11111010001000101000
00100010000010000101101110011111 10000010001000110000
10011000011110011001001010000110 10010100100100011111
00100001000100000101001100001111 01000100001111111111
10100110001010001100101000000110 10111010001000010111
00100010000100101011001000000111 10000100101001010111
00001011101010010110001010011111 10111101110100001000
00100010010010001110110001001010 10010010000100001000
11100010000111101000000111111110 11111010001111110000
00000001000101111000010000100111 01000101111000011111
00100010001100101101010010111110 10001100100100011111
00000011111010001111110001000010 11111010001111111111
00110011001101111100011010101101 01000100101000110000
00000010111111111011110101100100 10111111111011110010
00100001000010000101110000000111 01000010001011110111
00000011111100011000011010000010 11111100011000010010
00000001000010001001000110000010 01000010001001010000
00100011111100001000111000100100 11111100001000011111
00100010010100101100101010010001 10010100101001010000
01001100101011110100001001000010 10111111110100011111
00000010001100101000010111100101 10001100101000001000
00111010011011011000111111000010 10000111111001010010
00100011111111111010101000100110 11111111111001011111
10010110010000000110110000010001 11111100011011101000
00100010000100010110101001111100 10000100011000110001
00000001000100100100000000000000 01000100100100010001
00000010000111111000000000100100 10000111111000010010
00101010000010001011101110100010 10000101110100010111
00100010000100100010000011010110 10000100101000010001
00100101001110100011000100011001 10000010001011110111
00100010111010001111110111001011 10111010001000010000
00000010111111111000000110100111 10111111111000011111
00100010111100101100101000001101 10111100101001001000
11110111110010000100110001010011 10000100001011110010
00000010010100101111110000100101 10010100101111110010
00000001000101111000010101100000 01000101111000010001
00100010001111111001011110101110 10001111110100010001
00100010001100000001001101110010 10001100000100011111
00100010010101110011111011111010 10010101111000010001
00000010000010000100001111000000 10000010000100010001
01101100010000110100001010000100 10111100011000110111
00000001000010000100010101100101 01000010000100011111
00100010010100001000010111010011 10010100001000101000
00100010111100001000011100110110 10111100001001011111
11101011101100011000100001000000 01000100101011110010
00100010000100011101110010011100 10000100011011110001
00000010000100101000001011000000 10000100101000010111
00100010111010001101111100100001 10111010001001001000
00000011111100011000100101100111 11111100011000110001
00100010000100001101001010111011 10000100001011110000
11100010000001111110111100010010 10000100011111101000
00100010000101110011100100000000 10000101111011111111
00000010001111111000101001100101 10001111111000101000
10001111010110101110110101100000 10000100001000110111
00000001000100011111111001100111 01000100011111110000
00101000000010111111111000001110 11111100011011110000
00000011111100001000101010100111 11111100001000110000
00001101100010000101101101110000 10000010001001010000
00000010001100011001011010000000 10001100011001010000
00000001000100000100010100100000 01000100000100010000
00100010111101110000010110001011 10111101111111110000
10000101101010000111010100110111 10000010000100010001
00100010111010001101000101100010 10111010001111101000
00100010000100101101110110110111 10000100101111101000
01000010001001100101010100011111 01000111111111110001
00100011111100100000101100100111 11111100100100010010
11011000100010011000000110100100 10000100010100001000
00000010010101111000111111000000 10010101111000110111
01111100101010000000100111010001 11111100101000010010
00000001000100010100011110000000 01000100010100001000
10111111111100010101110110110000 10010101110100001000
00100011111111111100011110101101 11111111111000110000
00111110101101010100110100110001 10111100011000010111
00000010000111111111100011000010 10000111111111111111
00100010000010000101110111010010 10000010001001001000
00100010001100101101111000101011 10001100101011111111
00100010001100101110110100010010 10001100100100010010
11010011101110000001001101111000 10001101111000110010
00000010010111111001000010100100 10010111111001011111
00100010111100100000011000010000 10111100100100010111
00100010001100010110011011100011 10001100011000010111
00000010000010001111110011000010 10000010001111101000
00100010000100000001001111111100 10000100001000111111
00000010001100100100010010100100 10001100100100001000
00100010000101110000001100100011 10000101111000110010
00100010000101111010011101100111 10000101111000111111
00000010001100001001010101100000 10001100001001010000
00000010111100001001000110100100 10111100001001011111
00100010001010000101111110010000 10001010001111110000
00000011111100101011101111000010 11111100101011110111
00000010001010001000010110000010 10001010001000010000
00000010001100101000001011100101 10001100101000010001
00000011111100101000101110000010 11111100101000110001
00000011111111111111101010100111 11111111111111111111
00100001000100100101101110010100 01000100100100010000
00100001000100001110110110110101 01000100001000110111
11100110111110001001100101000001 11111111111111111111
00100010000100011101010100100011 10000100011001010111
00000010111111111001000010000010 10111111111001010001
00100001000101111011100101100010 01000101111000010000
00100010010010001011000111100000 10010010000100001000
00100010010100011100111110111000 10010100011001010111
10000010010100001100000101100000 10111100001001010010
00000001000100010100000100100000 01000100010100011111
00100010010100011101111011001010 10010100011111101000
10000010111100011100111000010010 01000100001000110001
00000010001100001001000110000000 10001100001001001000
00000001000100000100001100100100 01000100000100011111
00100010000100011110110110111101 10000100011000111111
00000010111100101000010010100101 10111100101000010000
00100011111010001101010111010110 11111010001011110111
00100011111101110101110000011110 11111101111111111111
00100001000010000101000111011111 01000010001011111111
00111000010011011110010001101110 01000111111000010010
00100001000100000100010001101001 01000100001000110000
00100011111100011110001110111011 11111100011001011111
00100010000010000101101011110110 10000010001011110000
00000010001100011000100111100111 10001100011000111111
00100010111101111011010011110011 10111101111000010010
00000010001100011001001110100111 10001100011001010010
00000111111100001001000111100111 11111100001011110000
00100010000010001101101011001111 10000010001001010010
00100010001111110011111110100110 10001111111111111111
01000010010111000001100011100000 10111010001111110000
00000010111111111111101110100100 10111111111111110001
00100010000100100000100000101111 10000100101011101000
00000010111100001000011100100111 10111100001000010001
00000010001100100100000010000010 10001100100100010111
00000010010100011000000011000010 10010100011000010111
00000010111100101000101101100111 10111100101000110010
00000101111001010110000000010110 10010010001011101000
00000010001101111111101010100111 10001101111111110001
00000001000010001000101101000010 01000010001000101000
11101000100100100000001000011001 10010101111000110001
00000010010100011001011110000000 10010100011001010010
00000010111101111011101111100111 10111101111011110001
00000010010111111011111000100100 10010111111011101000
00000001000100001111110010100101 01000100001111110000
11110110100111111111100111100000 10000100101001001000
00000011111111111000010000100111 11111111111000011111
00000010010101111011101100100000 10010101111011111111
00000010001100101000000100100111 10001100101000010111
00100011111010001010001011100110 11111010001000001000
01001110000100011000001101100101 10111100101011101000
00000011111010001111100010100100 11111010001111110111
10011000010110100100010110111111 01000111111111110111
00000011111101111001001110100111 11111101111001010111
00000001000010001001011111100100 01000010001001011111
00000011111100011001001111100000 11111100011001010001
00000010000100001000111011000000 10000100001000110001
01111001000100101100011001010100 01000111111000110001
00000010001101111011100001100111 10001101111011111111
00100010001100010001000111011010 10001100011000010000
11110010010101011111100010000110 01000100001000010001
00000010001100101000101111100111 10001100101000110001
00110010000100000010001001100000 11111111111011110010
00100010001111110110011001110100 10001111111000010000
00100010001010000001011100101101 10001010001000111111
11011111111101111100011010110110 11111100001000101000
00000001000010001001000011100101 01000010001001010111
01111011101100000011001110101110 01000100101000010000
00000010010101111001011011100111 10010101111001010001
00100010000100101100001111000101 10000100101000010001
00100010000111110111100000100011 10000111111111110001
00000001000100011011100001000000 01000100011011111111
00000011111010000100010011000010 11111010000100010111
11110110111111000100010110100001 10010111111000001000
00000001000111110100010010000010 01000111110100010010
00100010000101110100111011111000 10000101111111101000
11010111001100100010000101100101 10111100011000101000
00100010111100101001100101100111 10111100101000110000
00100010111111111010101001110110 10111111111111110010
00100010000100101110110110111011 10000100101011110111
00000011111101111011111111000010 11111101111011110000
00100010001100101100011101000010 10001100101111110000
00100001000100101000001100010110 01000100100100010001
01011010010010111000110000110000 10001101110100010001
00000010001100101000011110100100 10001100101000010010
00000010111101111000110000100000 10111101111000110001
00100010000100011001100101000000 10000100011001010111
00000001000100000100001001100101 01000100000100011111
00100010000010001110011101100110 10000010001111110001
00010101000011111110000110101011 10010010001000101000
00000001000010001000111000100000 01000010001000110111
01001111000010001110100001010010 10000100011111110010
00000010111100011111101110100100 10111100011111101000
00100001000100100010101110100011 01000100101111110000
01001111011101111011101101000000 10010100001001001000
00000010010101111111111110100111 10010101111111110010
01000001100000111101011010001011 11111100000100011111
00100011111100000001100110110000 11111100001000011111
00000001000100101000001000100111 01000100101000011111
00100010001010000100000111101001 10001010001011111111
00001010111001011001011001000010 10001010001000110010
00100010010100100010001100111110 10010100101000010000
00100010000111111101010011110011 10000111111111110010
00000001000101111000111101100000 01000101111000101000
00100010111100011011100000000001 10111100011011110010
00000010000010001001011000000000 10000010001001001000
00100010000100100001100010110011 10000100101011111111
00100001000100000111011100100011 01000100000100010000
00100010010100010101100011100010 10010100010100010111
00000001000100101111111100100100 01000100101111111111
10001010000100101010111010100100 10000111111001011111
00000011111100100100010011000000 11111100100100010010
00100010010111110111011101001010 10010111110100010000
10110110001100101100011110101010 10111100001000001000
00000011111100001011110101100000 11111100001011110010
00100010010010000110100000000001 10010010001000001000
00101110000010000100110100010111 10111111110100001000
00000001000010001000011010000010 01000010001000001000
10101111110011000101101101000001 10001100011011110010
00000001000100001001010011100100 01000100001001010111
00100010000101111111010000111000 10000101111000011111
00101110010101111001001001100111 10001010001000011111
00000010010101111001000001100000 10010101111001001000
10111000011100000110010010111010 11111010001001011111
00000001000100101000001110100100 01000100101000010001
00100011111100010001011000011010 11111100011111110000
00000011111100001000010100100100 11111100001000010010
10110110001110111001000100111101 01000100101111111111
00000010000100101000011010000010 10000100101000010001
00100011111100001101110010000011 11111100001001010001
00000010010101111000000010100111 10010101111000010000
10111010110100000001110011011111 10000100001111101000
00000010000010000100011110100111 10000010000100010010
11101010010111110101001100011001 01000100011111110111
00100001000101110110100010110010 01000101111000001000
00000010001100011011101110000010 10001100011011101000
00000001000100001011100110100000 01000100001011101000
00000010001100101000011010000010 10001100101000010001
00000001000010001001010100100111 01000010001001010111
00100010000111110001001100110010 10000111110100010000
11110010010111100010010010111011 01000100100100010111
00100011111111110101101101000011 11111111111001001000
00100010111010000110001001000101 10111010001111110010
00000010000100001011101100100111 10000100001011110000
00100010000100101001000000000101 10000100101000110010
01101010000100010100001010010111 10111010001111101000
00000010010010001000101000100000 10010010001000110000
00100010000100010000110001111000 10000100010100001000
00000011111100100100001000000010 11111100100100010001
00000010001100001011101100100100 10001100001011110111
00100010001111110101011010111010 10001111111011110111
00100001000100011010110000100001 01000100011111101000
00100010010101110001111000010000 10010101110100010010
00100010010111111101101100011011 10010111110100001000
00100001000100011000101100111101 01000100011011110111
01100101000101110110100101010001 10001100101111110111
00100010000101110010011101001011 10000101111111110010
00100010010010001011111001010100 10010010001000101000
00000010000101111000011000100100 10000101111000010000
00100010111111110101110101110111 10111111111011110000
00100010000100101110011001100101 10000100101111110001
00000010000010001011101011100111 10000010001011110000
00000010001010001011110110000000 10001010001011101000
10010011100101000011001101010010 10111100100100010010
00000010111010001000101011000010 10111010001000110010
00100010000010000000000101110010 10000010001001010000
00000010001101111001001000100000 10001101111001011111
00000010000100011001011101100111 10000100011001010010
00100011111100011001100101111000 11111100011111101000
00100011111111111010100110101010 11111111111000001000
00100101110100001001110001011101 10010101111000110001
00100011111100001011101011011011 11111100001111101000
01111001000101011110010110100101 11111010001011101000
00100010000100001000110110001001 10000100001001010001
00101100110110010100111100011000 10001100011000010111
00000011111100000100011110100100 11111100000100010000
00010110111011010000010011001010 01000010000100010010
00000010001010001000010111000000 10001010001000010001
00000011111100100100001001000000 11111100100100010001
00100010001100001010001111010010 10001100000100010001
00000001000111111000101110100101 01000111111000110010
11101011100010001111000100100100 01000111111000010000
00000001000100011001000001000010 01000100011001011111
00100010001100101100110001001011 10001100101001010001
00000010001101111111110010100100 10001101111111111111
00000001000101111000001110000000 01000101111000010001
01011111111101111001011110111110 10000100101000110001
00100010000100010101010000111110 10000100011000110010
11001100101100101111011111010011 11111010001000111111
00100010010010001100001100011111 10010010001000010111
11010101000101110010111010000000 10000100101011110001
00100001000111110010111100001110 01000111111111110111
11011101001111111011110111100100 10010010001000011111
00000010010111111111110000100100 10010111111111110000
00100010111100010000000111110010 10111100010100010001
10011010000100001000101001100111 11111101111000011111
00000010001100011000010111100101 10001100011000010000
00100010001100101111001101011000 10001100101011110000
00100010000010001100000010000110 10000010001001010001
00100010111101110101011110111011 10111101111000010000
00100011111010000011100010101110 11111010001000111111
00000010111100011000110001000000 10111100011000110001
00000010111010001111100101100111 10111010001111110111
00100010111100001001101010110011 10111100001001001000
00100010010100010110000101010010 10010100011000011111
00100001000100101110111111011011 01000100101000110111
00100011111100100001001010111001 11111100101001010010
00100010000100100010110101100110 10000100101111110111
00100010000100001110010001001001 10000100001001010111
00000001000100101001011011000000 01000100101001001000
10111010001100010100011010100110 01000111111111110010
00100010010100101011001000100101 10010100101111110111
00110001011110101111101011100111 10001100101000010000
00000010010111111000101111100000 10010111111000110111
00000001000100001000000011100111 01000100001000001000
00100010111100011101101100001011 10111100011000110000
00000010111111111001000010100111 10111111111001010010
00000010001100001011110110000010 10001100001011110010
01100100001001110100010011111000 10111010001000010111
00100010111100001100000101100110 10111100001000110010
00100010001100000111100001001111 10001100000100001000
00100010001100010010101100101101 10001100011011101000
00000010010101111001001101000000 10010101111001010111
00000010000101111111110100100111 10000101111111110000
00000010001100001011111110100111 10001100001011110001
10110111111100000000101010111100 10001010001111110000
00000010111101111001001101100101 10111101111001010001
00000001000010001001001100000000 01000010001001010001
00101010000100101000011101111000 10010010001000010111
00000010000100101000100011100100 10000100101000101000
01100000011110000011010001101100 11111100100100010000
00000010010100011000101011100000 10010100011000101000
00100010000111110001000111101110 10000111110100010001
00000010000100011011101000100111 10000100011011110111
00100001000101110010111111110111 01000101111000011111
00100001000010001011001111010101 01000010001011111111
00000010010100101000010001100000 10010100101000010010
00000011111100011111100001000010 11111100011111110000
10000110111101111000001000100100 10000100101111110000
00000010001111111000011001100111 10001111111000010010
00100001000111111000111111101110 01000111111001010001
00000010001010001111111001100101 10001010001111110001
00101011001100011011101101100000 10111100010100010111
00000010111111110100001101000010 10111111110100010010
00000010111101111000010010000010 10111101111000001000
00100010001100011001011010110001 10001100011001001000
00000011111101111000100101100101 11111101111000110000
10000111000100100111001000000011 11111100101111110010
00100010001010000110110100101011 10001010001011111111
00100010010111111110110001011101 10010111110100010010
00100001000101111001000101110110 01000101111111110000
00000010001100011011110100100101 10001100011011111111
00000001000100001111101000000000 01000100001111111111
00100001000111111111011010000000 01000111111000011111
00000001000100000100000111100100 01000100000100001000
00100010001010000100001100000101 10001010001001010111
00100010000100010001010111101110 10000100011111110010
00100001000111111100011110100011 01000111111000010111
00100010000100000101100010110000 10000100001000101000
00100001000111110010000000110111 01000111111000110010
00011010000100101000100001011111 10001010001011110111
00000011111100001000101010000000 11111100001000110010
00000010111111111011100100100100 10111111111011110000
00000001000010001001011111100111 01000010001001010000
00100010111101110001010100010101 10111101111000101000
00000010010111111000011100100000 10010111111000001000
00100010010111110010000111101000 10010111111000111111
00000010000101111000111011000000 10000101111000110001
10000010111100100011110110000010 10001111111111110010
00000010000100010100011011000010 10000100010100010001
01011001110111101101100110011001 10000010001001010001
00000001000010001111101001000000 01000010001111111111
00100010111100010010100111111111 10111100010100011111
00100010010100100010100011101011 10010100101111111111
10011000101111001010000111000110 11111100101011110001
00000010010100001011101101100000 10010100001011110010
00100010001101110010010011100000 10001101111000011111
00000010000100011000110010100111 10000100011000110000
00000011111100101011100110000010 11111100101011101000
01101110000111110110101100100101 10001101111000110001
00000010111100001000110111100111 10111100001000110111
00100010111100001111100011101101 10111100001000001000
00000010010100010100000011100100 10010100010100011111
00101110000010110011110011010110 10111100001001010000
00000001000100000100000010100101 01000100000100010010
00000010000100011111100111100100 10000100011111110010
00100010111100101011011001001100 10111100101000110000
00100011111111111001010000010011 11111111111000001000
00000010111100101111101111100111 10111100101111111111
11000110000001010110111101011000 10010100011111101000
00000011111101111001000101100111 11111101111001010010
00100010111100010101111101101111 10111100011000101000
11010111100100010110111111001010 01000101111001010000
00100010001100000000111110111101 10001100001000011111
00100010001100000110001010000011 10001100001011111111
00000001000100101000110110000010 01000100101000110010
00100111111101000111011101101100 10000111111000110000
00000010001100011111111000100111 10001100011111110000
00100010010100000010010110000011 10010100001000110111
01110001101101101111101011001001 10000100101001010010
00000001000100001000001111100100 01000100001000010010
00000010010111111000100000100100 10010111111000110001
00000011111111111001010101100101 11111111111001010111
01110110111101111010111111111100 11111111111000110010
00100010000111110001001001001100 10000111110100010010
00100010001010001110101010001010 10001010001111110001
00001011111101101011010010101110 10000111111011110001
00000001000111111111101000000000 01000111111111101000
00100010001111110111001011101111 10001111111000110010
00000001000101111011110000100111 01000101111011110000
00000010000111111111110001100111 10000111111111110000
10111001100011011100011100110111 10111100011011110111
00000011111100011000000110100000 11111100011000011111
11100100100000101111111010100101 10010010001000001000
00100010000010000111101101100110 10000010000100001000
00000010111101110100000101100000 10111101110100010001
00100010111100101011011110101011 10111100101001001000
01001111111111110010001100100111 10001010001011111111
00100010010100000100110011101100 10010100001000011111
00000001000111111111110010100000 01000111111111101000
00100001000100010101000011111001 01000100011001010000
00000010010010001000101111000000 10010010001000110010
00000001000010001011101110100100 01000010001011110001
00001110001010000010111101100111 10010101111000001000
00100010111100000110010111001001 10111100001111110111
00100011111100100001101111100000 11111100101011110000
00100010001100001111110101111111 10001100001001011111
11010110000100011011101001110010 10001101111000010010
00100010111100100001011001011001 10111100101000110001
11110110111100011100011010110011 10001101111011110111
00100010010100000111110111011010 10010100001011111111
10110101100101110010100100110111 01000100101111110000
00100010000100001100010000000110 10000100000100010010
00000011111111111011101001100100 11111111111011110000
00001110011101000101111101101001 10111100101000010111
00100010010100101000100101101011 10010100100100010001
00000010111111111111110111000000 10111111111111110010
00100010010101110011100100001010 10010101111111110001
00000001000100010100011011000000 01000100010100011111
00000011111111111111110100100111 11111111111111110000
00000010000101111111110101000000 10000101111111111111
00100010010101110010010010101111 10010101111000111111
00000011111100101000000101100100 11111100101000010001
00100001000100011010110000101011 01000100011111110010
00100010111100100111010100010011 10111100100100010111
00100011111101111000111111100110 11111101111000010010
00000010000100011001001011000010 10000100011001010010
00000010001100001000111100100111 10001100001000110111
00000011111101110100000001000010 11111101110100010001
00100010111100100011001111110110 10111100101111110010
00011011111001100111010110110010 01000010001011111111
00000010001100101000010110000010 10001100101000010010
01011011010010001001110101111011 01000100001001010111
00100010010111111011100000101000 10010111110100001000
00000010001101111011101001100000 10001101111011110111
00100001000100011010010101100010 01000100011000110000
00000010000010001111101100100000 10000010001111111111
00000010010100011111111011000010 10010100011111110010
00000010000100000100000100100111 10000100000100010010
00000010000100001001010110000010 10000100001001010111
11111010001000000111101101110010 10010101111111110111
00000010010100101001011100100000 10010100101001010001
00100011111100010001101010101011 11111100010100010111
00100010000100010110100111010000 10000100011000110111
00100010010101110100111100000111 10010101111000010111
00111110001111111011101101000000 01000100101111111111
00000001000101110100010101100000 01000101110100010111
01101110000111001001010000100101 10000100011001010111
00100010000100011001100111110010 10000100011000101000
00100010010101111010101000011111 10010101111000110111
00010110001001010011011110110110 10111111111011101000
00100010111101110000000010010010 10111101111000010010
00000010010100011001011111100111 10010100011001011111
00100010111111111010000100010110 10111111111011110001
01010000100101001111111000001011 01000100001111110111
00000010001111111000001010100101 10001111111000011111
00000010010111110100001101100000 10010111110100010111
00000010010100001000011100000000 10010100001000001000
00100011111100101011111001101100 11111100100100010001
00011011101110010000011000011110 10111100101111111111
00000010010101111001011111100111 10010101111001010111
11100111111010001111100011111100 10010100001001010000
00000010010010000100010011100101 10010010000100010010
00100010010100001100010000010010 10010100001001010111
00101000100111111001010101011111 10001111111001011111
00000011111100001000001011100000 11111100001000010001
00000001000010001111100000100000 01000010001111110111
00100010001111110111000000010101 10001111110100001000
00000001000100100100000100000000 01000100100100001000
00000010010100001000110001100101 10010100001000110000
00100010010100101000000100001101 10010100101011110010
00100001000111111110011110110101 01000111111011110010
00000010111100011111110100000000 10111100011111101000
11001011101010011100100001111000 10000010001000010000
00100010000010001000010110110101 10000010001001010000
01101101001101100100010011100111 10010111110100010000
00000001000010001011100110100101 01000010001011110000
00000001000100011111100110100100 01000100011111110111
00100010010100100000110101000010 10010100101001010111
00100011111100000011010101110101 11111100001111110111
00100001000100001111010011011000 01000100000100010001
00000001000100101111111110000010 01000100101111110000
00100001000100001010001011110101 01000100001000001000
00100010010100101111110001111000 10010100100100010111
00000010111100011111100010100111 10111100011111111111
00100010010111110001010001011011 10010111111001001000
00100010111100100010000100100111 10111100101111101000
00101110010111110010100000100101 01000100011000001000
00100010111010000111011010110111 10111010001011110111
00100011111100011101001111110010 11111100011111110000
00100010111100101011000100100111 10111100100100010111
01100101110000101111011000101000 10000100001111101000
00100010001100010100111110100110 10001100011000001000
00100011111010000110000001001110 11111010001000110000
00100010000100010011000010000010 10000100011001010000
00000011111100100100000001100100 11111100100100001000
10001101010001111110100010011111 01000010001111111111
00100011111100101110100111001000 11111100101000010000
00000010001010001111110110100111 10001010001111111111
10000110111111110010000110100111 10111101111111110000
00000010010111110100000101000000 10010111110100011111
00000010001111110100000010100000 10001111110100010010
00000010111100001011110001100000 10111100001011110010
00100001000100001110011101011010 01000100001111110001
00000011111100011111111111000010 11111100011111110001
01111110010000111010011110111111 11111100001000111111
00100010111100010111000001001100 10111100011011110010
00000010000010001000111011000000 10000010001000101000
11111010011011010011101010110100 10000100011001011111
00000010001100101000011000100111 10001100101000010001
00100010001010000011100110110001 10001010001000110111
00000010001100101011111110000000 10001100101011110010
00001010100111101010001000010001 01000100011111110111
00100011111111111111101101001101 11111111111000010001
10001000001101111111111101100101 11111010001011110111
00000011111101111001010000100000 11111101111001010001
00000010001111111001000010000000 10001111111001010001
00000001000010001000000110100100 01000010001000010111
01110011001101000011011010110111 11111100011111110010
00100011111101111100011000100000 11111101110100011111
00000010010100100100001111100100 10010100100100011111
00000010000111111000111011100111 10000111111000101000
00000010000101111111101001000010 10000101111111110010
00000010010010001001001111100101 10010010001001010001
00000010111111111001011100100111 10111111111001010000
11110011011111111100111100000001 10000100000100010010
00100001000100011110010000110010 01000100011111110000
00000010000111111000000011100000 10000111111000010010
10110000110111111110110001000001 10000100001000110010
00100001000010001001100111010001 01000010001001001000
00000010000100011000000110000000 10000100011000010111
00000010010100011111111000100111 10010100011111101000
00000010000100001111101011100100 10000100001111110000
00100010010010000000101111010101 10010010001000010001
10101010111010011101100001101101 10000100001011110000
00000001000111111000011111100101 01000111111000001000
01110010100101011111101001100111 10000100001001001000
00000010000100000100001100100111 10000100000100010111
00100010000100000000101100100110 10000100001111110010
10111101111101101000110011001101 10001101111001010111
00000010010100000100001111100000 10010100000100010000
00000010111100011001011100100100 10111100011001010000
00100001000101110101110000111111 01000101111001010001
00100001000100101111101000011110 01000100101111110010
00000001000100011011101111100101 01000100011011110000
00000010001100101001000000100100 10001100101001001000
11010110010110010100110111111010 10001100100100010001
00000010000100101000000010100000 10000100101000010111
00100010010100101100001111101111 10010100101000010111
00100010001101111111000110111101 10001101111011110010
00000010001100101011101101100101 10001100101011111111
00100010001100011011000111010000 10001100011001010000
10000010000100011011101111010100 10111100011011110010
00100010001100001110010111001011 10001100001111110111
00101100011110101011101001011011 10010100001011110001
00000010010100001000101001100100 10010100001000110000
00000010000101111000001110100111 10000101111000010111
10001110100110101010100001001101 10000100001111111111
00000010001100000100001111000000 10001100000100010010
00100010000101110101111100011110 10000101110100010001
00000011111100011111110111000000 11111100011111110010
00100010010010001010101101110011 10010010001001010000
00000010111100010100010000100101 10111100010100010000
00100010001111110001010111110010 10001111111000110010
00100010000100001011001110101000 10000100000100010000
00100010001100101101010010100011 10001100101000110000
00000001000010000100000111000010 01000010000100010111
01010001000011100101110110111101 10111101111000111111
00100001000111110110101001111110 01000111110100011111
00100001000010000011101000000010 01000010001000011111
01100010111110010000101100100111 01000111111111110010
00100011111111111000000001101110 11111111111000010010
00000010000101111111101010000010 10000101111111110001
00100001000101111100110111110110 01000101111111110010
01010101001100001110111100110000 10001101111000010010
00000010111010001011111001100100 10111010001011110111
00100010010101110010111101101011 10010101110100010001
00001100111011000010101100100100 10000100101011110111
00100010111100100010011010101001 10111100101000111111
11001010000100000000010110011111 10000100101111101000
00000010001100101000000010100100 10001100101000001000
00100010111101111111111010011000 10111101111011111111
00100010001010000001010100001001 10001010000100001000
00000010000100011000011011100111 10000100011000010111
00100010010111110010101110101101 10010111111000110111
00000010001010001000010000100101 10001010001000011111
10000101000100001110100001001011 11111010001000110111
00100010000111111001011011010100 10000111111011101000
00100010001100100101001001100001 10001100101000010001
00000010001010001011100000100111 10001010001011110010
00000001000010000100000001100101 01000010000100010001
00100010010100001111011101000010 10010100001011101000
00000011111010001000000011100000 11111010001000001000
10000010010110000111001000100000 10010100100100011111
00100010000100010011000001111000 10000100011000001000
01100110011101111110101110000111 10010101111000110001
00000010001101111111110011000000 10001101111111111111
00100010111100011100001010000110 10111100011011110000
00000011111111111000101000100101 11111111111000101000
00100010010100101100000111000001 10010100101000010000
00100001000010000010101111111111 01000010000100001000
00100010111100011111101011101001 10111100011001010010
01110110000101110111000101011010 10111100101000001000
00000010001100011001001110100100 10001100011001010000
10010101100100011101101001101010 10001100000100010000
00100010010111110110001001100111 10010111111011101000
00000001000100000100011000000000 01000100000100011111
01101101000011011111001110101010 10001010000100010010
00100001000100101110110010001100 01000100101111111111
00100010111100101111001111000000 10111100100100011111
00000001000111111000010101100111 01000111111000011111
00100001000100101000101010010011 01000100100100010111
00100010000111111111110111100011 10000111111000101000
00100010001010000111010011111100 10001010001000111111
11101010101100001000000011101001 10010101111001010000
00000001000101110100011011000010 01000101110100011111
00100010111100101101110100110101 10111100101000011111
10010110010100010011110111010101 01000111110100010111
00000010111100100100010100000010 10111100100100001000
00000010001100011000000100000010 10001100011000011111
00000010111101110100010001000010 10111101110100010001
00100010010100101000100010010000 10010100100100010010
00100001000101111101010101110111 01000101111001010000
11001010101100010100000010111110 10010100011111111111
00100010111100001101010111110010 10111100001111111111
00000010111100011000101011100000 10111100011000110010
00000011111010001111111001000000 11111010001111110000
00100010010111110001110010110111 10010111111000101000
00101001000000011011010011001000 10001100001001010000
00100011111111111000111000111000 11111111111011110111
00000010010010001111100010000000 10010010001111111111
00000001000100101001001011100000 01000100101001010010
00100010111111111000101100000001 10111111110100011111
00000010111010001000001111100101 10111010001000001000
00100010111111111101010110111111 10111111111111110000
00000010111100000100011110100111 10111100000100010010
00100010010100010001101000101011 10010100011111110001
00000010111100101001001010000010 10111100101001010001
11011011000101011111111000111001 10111100101000010010
00100010000100001000001011110110 10000100001000101000
00100010001100011010011001101000 10001100011111110000
01010111111111110000000111111010 10001111111011111111
00000001000100011000010100100100 01000100011000010010
00000001000010000100000101100101 01000010000100001000
00100010010100011110110110101111 10010100011000111111
00000010010100101001011010100000 10010100101001010010
10011111111100100101011000010101 10000111111000001000
00100010010100011011011010011010 10010100011011110111
01000001101111110011010110011100 10111100000100010001
00000010001010001000110011100100 10001010001000110001
00100011111100101101001011001111 11111100101000110001
00100001000010000000100101101011 01000010001111110001
00100010010100101001001111110001 10010100101000010000
00001011100100110001101000101101 10001100100100010000
00000010010101111000001110000000 10010101111000011111
00000010010010001000110111100101 10010010001000110000
00000010111111111000100111000010 10111111111000110010
00000010000010001111101011100101 10000010001111110111
00000010001100000100010110000010 10001100000100001000
00100011111010001101111100111111 11111010001001011111
01000101001101111100000110101101 10000100000100010000
00100001000010001001111100010111 01000010001000110000
00000010000100011000101011000010 10000100011000111111
00000010111101111011100010100100 10111101111011111111
00000010000100101011111010100000 10000100101011101000
00000010000010001000010101100101 10000010001000001000
00101011111101011000111100111011 10111100011001001000
00100010000010001111010110011110 10000010001001011111
00000010001111110100011100000010 10001111110100001000
00100011111100011010101100100001 11111100010100010111
00000011111100001001011100100100 11111100001001001000
00000011111100011111100111000000 11111100011111110111
00000001000101111011100111100000 01000101111011110111
00000001000100001011101011100000 01000100001011101000
00000011111100011000111000100100 11111100011000110111
00000010000101111000111101100111 10000101111000110111
00000001000111110100011010100101 01000111110100010001
00000010001111111000110100100101 10001111111000110001
00100011111100001001101000001111 11111100001000111111
00100001000100001100010101000100 01000100000100010001
00000010010100101000100011100100 10010100101000110001
00000011111101111000110001000000 11111101111000111111
00000010111100101000011101100111 10111100101000011111
00000001000111111000100100100100 01000111111000110000
00100011111100001000110011001001 11111100001111110111
11010100101100100000100110100100 10000100001111110000
00000010000100101011111101100111 10000100101011101000
10111101010110010011110000100101 10001100001000010010
00000010111101111111111010000010 10111101111111110001
00100010111111111100100010110100 10111111110100011111
10011111111100110111011110110101 10001100011111110001
00100011111100010000101010100101 11111100011000010010
00001111000101111100001000100011 01000010001111111111
00000010111100010100000001000010 10111100010100011111
00100010000100011010011000000000 10000100011011110010
00000010111010001000101000100101 10111010001000110001
00100010111111110101111111001110 10111111111011110010
00100010000010000100001100111000 10000010001111111111
00000010010100001001010001000000 10010100001001010010
00000001000100011011110001100100 01000100011011110010
00000010000010001001001110000010 10000010001001010000
00010110010100001100101100010101 10010100011111110010
00000011111100101000001001000000 11111100101000010111
01010101000111111000000101010010 10010010000100001000
00000010000111111001011000100111 10000111111001010111
00100010111100011001001110011010 10111100011011111111
00000010000010001000000110000000 10000010001000010010
00000011111100101111100101100101 11111100101111110000
00100010010101111011101011100000 10010101111001010001
00011100100100100111101001110110 10001100100100001000
00100001000100010111110101011001 01000100011000110111
10111010010111011110011011110001 10010100101000111111
00100011111100101111101111110010 11111100101000110010
01011001000110111111101100000010 10001101111001010111
00000010010100100100001111000000 10010100100100010000
00100010111010001011110000010100 10111010001011101000
10110010111100101101010001001111 10001101111000101000
00100011111100101000000011010110 11111100101000111111
00000011111100011111110010100111 11111100011111110111
00100010001100100111110001001010 10001100100100010010
00100011111100011001001100100111 11111100011001010001
00100011111100000111110001001000 11111100001011110001
00100001000010001101111001101011 01000010001111110111
00100010001010000010000101100110 10001010000100010001
00100010010100000010101001011000 10010100000100011111
00000010001100011001011010100101 10001100011001010010
00100010000100011100110000011011 10000100010100010111
00100001000100100101010000111001 01000100101000011111
00000001000010001000011011100100 01000010001000010111
10000110111101011111101101101100 10000111111000010111
00000010001100001011101000100100 10001100001011111111
00000010000100001000010001000010 10000100001000010111
00000010001101111000011011100100 10001101111000010001
00000010111100010100010000100111 10111100010100010010
00000010010111110100001011100101 10010111110100010001
00100010010101110101010100101110 10010101111111110111
01111000011101010011111101100000 01000010001011110001
00000010111100011001011100100100 10111100011001011111
00100010111100010000101001110010 10111100011000010001
00100010010100101110000011100010 10010100100100010010
00100010001100101011011110100101 10001100101001010001
11001010010100010101001001100111 10010100101000010001
00000010010100011011111100100111 10010100011011110111
00100010001100001100001100101010 10001100001011101000
00000010001100100100000101100111 10001100100100010001
00100010111100000010111111001001 10111100001111111111
10001011001010011011111110001010 10111100101011110000
00100010000101111110011011000010 10000101111001010111
01010011001100110111000011101100 10001111111111111111
00100010111100010001010110011001 10111100011000101000
01101110111010001010000011100111 10000101111111110001
00000010001010001011100010100101 10001010001011111111
11101001000110101001001001000000 10010111111111110010
00100011111111111110001111010010 11111111111011110001
00100010010100101110001010111100 10010100101000101000
00000010001100001011101100100101 10001100001011111111
00111111111101110011000000011100 01000101111000011111
00100010001010001111101010101010 10001010001001010000
10000010000010001111101010100101 10001100100100010111
01000011111101110100001010100000 10001100100100010111
00010011111111111011101010100100 10001100100100010111
00001001000100011000101010100101 10001100100100010111
00000101000100001001001010100111 10001100100100010111
10100011111111111001001010100111 01000101111111110000
01100011111111111011101010100111 01000101111111110000
00110001000100101000001010100100 01000101111111110000
00101010000100100100001010000010 01000101111111110000
00100110001100001001001010100111 01000101111111110000
10000010010010001110101001100000 10001100100100010111
01000010111100001110101001100000 10001100100100010111
00010010111010001110101001100000 10001100100100010111
00001010111101111110101001100000 10001100100100010111
00000110111101111110101001100000 10001100100100010111
10100010001100011110101001100000 10001100100100010111
01100010010010001110101001100000 10001100100100010111
00110011111100101110101001100000 10001100100100010111
00101010001010001110101001100000 10001100100100010111
00100101000010001110101001100000 10001100100100010111
00000010010100011011110000000010 10010100011011110001
00000001000100011111110000000000 01000100011111110111
10110010000000101110101101101100 11111100001000110000
00000010111111111000010000100100 10111111111000010000
01111010000010110100111000111000 10001100001111101000
00100010000100010000000000000000 10000100011000110001
00100010000100100000000000000000 10000100101000110001
00100010000010000000000000000000 10000010001000110001
00100010000101110000000000000000 10000101111000110001
00100010000111110000000000000000 10000111111000110001
00000010011100101000000110100111 10111100011000010000
00100010000100010000000000000000 10000100011000110001
00100010000100100000000000000000 10000100101000110001
00100010000010000000000000000000 10000010001000110001
00000001000110101111101100000010 11111100101111110001
00100010000100100000000000100010 10000100100100010111
00100010000010000000000000010111 10000010000100010111
00000010001010000000010100000010 11111100011000010010
00000010010010001000100000100000 10010010001000110111
00000011111100011000101100001100 01000101111001010111
00100010000100010000000000000000 10000100011000110001
00100010000100100000000000000000 10000100101000110001
00100010000010000000000000000000 10000010001000110001
00000010000101101001001000100111 10111100101011110000
00100010000100100000001000000000 10000100100100010111
00100010000010000000001000000100 10000010000100010111
00000011111100001110100110000010 10111100101111110001
00000010010010001000100000100000 10010010001000110111
00000010010111110100000001110101 11111100101000101000
00100010000100010000000000000000 10000100011000110001
00100010000100100000000000000000 10000100101000110001
00100010000010000000000000000000 10000010001000110001
00000010000010011000000011100101 10001010001001010111
00100010000100100010011100001111 10000100100100010111
00100010000010000010011100001111 10000010000100010111
00000010010100000011011010000010 10111100011111110000
00000010010010001000100000100000 10010010001000110111
00000010111100001001010001000110 01000100011000010010
00100010000100010000000000000000 10000100011000110001
00100010000100100000000000000000 10000100101000110001
00100010000010000000000000000000 10000010001000110001
00000010111100111111110101100111 10000100001011110111
00100010000100101111111111111111 10000100100100010111
00100010000010001111111111111111 10000010000100010111
00000010001100001101100110100000 10001101110100001000
00000010010010001000100000100000 10010010001000110111
00000010000010001111101100100110 10001101110100010001
00100010000100010000000000000000 10000100011000110001
00100010000100100000000000000000 10000100101000110001
00100010000010000000000000000000 10000010001000110001
00100010000101110000000000000000 10000101111000110001
00100010000111110000000000000000 10000111111000110001
00000000001100101000000010100000 10000100011000110000
00100010000100100000000000000001 10000100101000101000
11110010010010001111111101100100 10001101111000010001
00000010000100101000100000000000 10000100101000110000
00000011011111111111110011000010 10000100011001011111
00000010001101111111100011100000 10001101111111110010
00000001000111011111110010000000 10010100100100011111
00000011111100001011101101100101 11111100001011110010
00000000000000000011000000111001 10001101111111110000
00100010000100010000000000000000 10000100011000110001
00100010000100100000000000000000 10000100101000110001
00100010000010000000000000000000 10000010001000110001
00100010000101110000000000000000 10000101111000110001
00100010000111110000000000000000 10000111111000110001
00000011011100001000110111000010 11111010001011101000
00100010000100100000000000000101 10000100101000101000
01010110001100101011100101100101 10000100101011110000
00000010111100101000100000000000 10111100101000110000
00000010110100011000011111000000 11111101111011111111
00000010001101111111100000100000 10001101111111110010
00000011111110100100000111100000 01000111111000010111
00000011111100001011110101100101 11111100001011110010
00000010000100001000100001000010 10000100001000111111
00000001101100011011100101100000 10001111111000010010
00000010001101111111100001100000 10001101111111110010
00000001000110101000010001100101 01000101111000110111
00000011111100001011110100100101 11111100001011110000
00000011111100101000100010000000 11111100101000110000
00000001100100101000110001000010 11111111111001010000
00000010001101111111111101100000 10001101111111101000
00000010001001001000010110000010 10001100011001010111
00000011111100001011101011100101 11111100001011110000
00000000000000000011000000111001 10001101111111110000
00100010000100010000000000000000 10000100011000110001
00100010000100100000000000000000 10000100101000110001
00100010000010000000000000000000 10000010001000110001
00100010000101110000000000000000 10000101111000110001
00100010000111110000000000000000 10000111111000110001
00000011101101110100000011100101 10001111111111110010
00100010000100100000000010101010 10000100101000101000
01001101000100011000001011000000 10000100001011110111
00000001000100001000100000000010 01000100001000111111
00000000011100101000100010100000 10000010000100010000
00000010001101111111111110100000 10001101111111110000
00000010010111101111111010000010 01000101111011110010
00000011111100001011100011100101 11111100001011110000
00000010010100101000100001000000 10010100101000110000
00000011110111111111101110100111 10111100001111101000
00000010001101111111110000100000 10001101111111110000
00000011111110000100011101100111 11111010000100010010
00000011111100001011110010100101 11111100001011110111
00000001000100001000100010000010 01000100001000111111
00000010101111111000011111100000 10001111111000001000
00000010001101111111100001100000 10001101111111110010
00000011111001101000011010100101 10000101111000110001
00000011111100001011111111100101 11111100001011101000
00000010001100101000100011000000 10001100101000110000
00000010101100011011101010100111 11111010001001010010
00000010001101111111110111100000 10001101111111101000
00000010001011111011110001000000 10111111111000110001
00000011111100001011111000100101 11111100001011110111
00000010000100001000100100000010 10000100001000111111
00000000010101110100000001100111 01000111111000010000
00000010001101111111100101100000 10001101111111101000
00000010001001011000010110100100 10001111111011111111
00000011111100001011101011100101 11111100001011110001
00000010111100101000100101000000 10111100101000110000
00000000001100010100000100100101 10010100011111110010
00000010001101111111110101100000 10001101111111111111
00000010010101000100010010100111 10000100010100001000
00000011111100001011111011100101 11111100001011110010
00000010111100001000100110000010 10111100001000111111
00000000001111111001000001100000 11111111110100010000
00000010001101111111110100100000 10001101111111110010
00000010000000111000110000000000 10000100001001010010
00000011111100001011100111100101 11111100001011110111
00000010000100101000100111000000 10000100101000110000
00000000110101111000001011100101 10010101111000010111
00000010001101111111111100100000 10001101111111101000
00000011111010111011111111000000 10001100100100010000
00000011111100001011101111100101 11111100001011110000
00000000000000000011000000111001 10001101111111110000
00100010000100010000000000000000 10000100011000110001
00100010000100100000000000000000 10000100101000110001
00100010000010000000000000000000 10000010001000110001
00100010000101110000000000000000 10000101111000110001
00100010000111110000000000000000 10000111111000110001
00000010101100001000011111100000 01000100101001001000
00100010000100101111111111111111 10000100101000101000
01100110111101110100010100000000 01000010001000110111
00000010010100101000100000000000 10010100101000110000
00000011101101111000101100100000 10010111111001001000
00000010001101111111110001100000 10001101111111101000
00000010111011111001010110100100 01000111111011110010
00000011111100001011100111100101 11111100001011111111
00000010111100101000100001000000 10111100101000110000
00000000011100000100011011000010 10000100001111101000
00000010001101111111111110100000 10001101111111111111
00000010111111001011111110100111 10001010001000110010
00000011111100001011101111100101 11111100001011110111
00000010010100101000100010000000 10010100101000110000
00000011010101111001010111000010 10001111111001010000
00000010001101111111101000100000 10001101111111110111
00000010111011101011111100000000 10010100001000111111
00000011111100001011100001100101 11111100001011101000
00000010111100101000100011000000 10111100101000110000
00000010101101111111110111000010 10111010001001010001
00000010001101111111111110100000 10001101111111110010
00000001000110111001001010100101 10010010001000010111
00000011111100001011110111100101 11111100001011110111
00000001000100101000100100000000 01000100101000110000
00000000010111111011111110000010 10001100011011110010
00000010001101111111110010100000 10001101111111110001
00000010010111011011110111100111 10001111110100010001
00000011111100001011100111100101 11111100001011101000
00000001000100101000100101000000 01000100101000110000
00000000101100011000010111000010 10111111111111110010
00000010001101111111110110100000 10001101111111110000
00000010001110111001001111100101 10010111111111110000
00000011111100001011101011100101 11111100001011110010
00000010001100101000100110000000 10001100101000110000
00000010101010001000010001100000 10001101111000010000
00000010001101111111101000100000 10001101111111110000
00000010000101010100001011100000 10010100001011110000
00000011111100001011111101100101 11111100001011101000
00000010000100101000100111000000 10000100101000110000
00000011101100101011101010100111 11111010001000001000
00000010001101111111100100100000 10001101111111110010
00000010111010101111100111000000 10111100101011101000
00000011111100001011100001100101 11111100001011111111
00000010000100101000101000000000 10000100101000110000
00000011010100100100000100000000 10010100001011110111
00000010001101111111101001100000 10001101111111110111
00000001000111001001001111100111 10001101111111110000
00000011111100001011100001100101 11111100001011110111
00000010010100101000101001000000 10010100101000110000
00000001010111110100010100100111 10001010001001010001
00000010001101111111110011100000 10001101111111110000
00000010000011011111111111100111 11111100001001001000
00000011111100001011100001100101 11111100001011101000
00000010000100101000101010000000 10000100101000110000
00000011001111111000100100100000 10111010001000010010
00000010001101111111100100100000 10001101111111101000
00000010010000111001000000100111 10010100011111110111
00000011111100001011101110100101 11111100001011111111
00000001000100101000101011000000 01000100101000110000
00000011101100101001000101100101 10111010001011101000
00000010001101111111111000100000 10001101111111101000
00000010001101101001001100100100 10000111111011110111
00000011111100001011101010100101 11111100001011110111
00000010111100101000101100000000 10111100101000110000
00000000110101111001001110100000 01000010000100010001
00000010001101111111110000100000 10001101111111110001
00000010001000001011100011100000 10001101111011111111
00000011111100001011110110100101 11111100001011110010
00000010000100101000101101000000 10000100101000110000
00000000001010001001011010100101 11111100011111110001
00000010001101111111111100100000 10001101111111110010
00000010111111010100011010100100 01000101110100010010
00000011111100001011110001100101 11111100001011101000
00000001000100101000101110000000 01000100101000110000
00000001001100000100010010100000 11111010001011110010
00000010001101111111110110100000 10001101111111101000
00000010001111001000101000000010 10111111111001010010
00000011111100001011110011100101 11111100001011111111
00000010010100101000101111000000 10010100101000110000
00000000111100000100011001100101 11111100011000001000
00000010001101111111101111100000 10001101111111111111
00000010000111011000111001100111 10010010001001001000
00000011111100001011110111100101 11111100001011111111
00000000000000000011000000111001 10001101111111110000
